%YAML:1.0
# Put you camera param here
working.dir: /home/m/work/camera_lidar_calibration/
images.dir: /home/m/work/camera_lidar_calibration/imgs

fx: 427.521169
fy: 432.063111
cx: 324.020518
cy: 269.937447

k1: -0.368916
k2: 0.116858
p1: 0.004707
p2: -0.002324

width: 640
height: 480



